Connected
BITalinoV3.10_20130710
Start Acquisition
Data read
CLOSED
Done

light =

    11


ans =

     3


avgSum =

   10.9633


avgSum =

   10.9633


avgSum =

   10.9633


avgSum =

   10.9633


avgSum =

   10.9633


avgSum =

   10.9633


avgSum =

   10.9633


avgSum =

   10.9633


avgSum =

   10.9633


avgSum =

   10.9633


avgSum =

   10.9633


avgSum =

   10.9633


avgSum =

   10.9633


avgSum =

   10.9633


avgSum =

   10.9633


avgSum =

   10.9633


avgSum =

   10.9633


avgSum =

   10.9633


avgSum =

   10.9633


avgSum =

   10.9633


avgSum =

   10.9633


avgSum =

   10.9633


avgSum =

   10.9633


avgSum =

   10.9633


avgSum =

   10.9633


avgSum =

   10.9633


avgSum =

   10.9633


avgSum =

   10.9633


avgSum =

   10.9633


avgSum =

   10.9633


avgSum =

   10.9633


avgSum =

   10.9633


avgSum =

   10.9633


avgSum =

   10.9633


avgSum =

   10.9633


avgSum =

   10.9633


avgSum =

   10.9633


avgSum =

   10.9633


avgSum =

   10.9633


avgSum =

   10.9633


avgSum =

   10.9633


avgSum =

   10.9633


avgSum =

   10.9633


avgSum =

   10.9633


avgSum =

   10.9633


avgSum =

   10.9633


avgSum =

   10.9633


avgSum =

   10.9633


avgSum =

   10.9633


avgSum =

   10.9633


avgSum =

   10.9633


avgSum =

   10.9633


avgSum =

   10.9633


avgSum =

   10.9633


avgSum =

   10.9633


avgSum =

   10.9633


avgSum =

   10.9633


avgSum =

   10.9633


avgSum =

   10.9633


avgSum =

   10.9633


avgSum =

   10.9633


avgSum =

   10.9633


avgSum =

   10.9633


avgSum =

   10.9633


avgSum =

   10.9633


avgSum =

   10.9633


avgSum =

   10.9633


avgSum =

   10.9633


avgSum =

   10.9633


avgSum =

   10.9633


avgSum =

   10.9667


avgSum =

   10.9700


avgSum =

   10.9700


avgSum =

   10.9700


avgSum =

   10.9733


avgSum =

   10.9733


avgSum =

   10.9767


avgSum =

   10.9767


avgSum =

   10.9767


avgSum =

   10.9800


avgSum =

   10.9800


avgSum =

   10.9833


avgSum =

   10.9833


avgSum =

   10.9867


avgSum =

   10.9900


avgSum =

   10.9833


avgSum =

   10.9800


avgSum =

   10.9667


avgSum =

   10.9533


avgSum =

   10.9400


avgSum =

   10.9267


avgSum =

   10.9167


avgSum =

   10.9033


avgSum =

   10.8900


avgSum =

   10.8767


avgSum =

   10.8633


avgSum =

   10.8533


avgSum =

   10.8400


avgSum =

   10.8267


avgSum =

   10.8133


avgSum =

   10.8000


avgSum =

   10.7867


avgSum =

   10.7733


avgSum =

   10.7600


avgSum =

   10.7467


avgSum =

   10.7333


avgSum =

   10.7200


avgSum =

   10.7067


avgSum =

   10.6933


avgSum =

   10.6800


avgSum =

   10.6667


avgSum =

   10.6533


avgSum =

   10.6400


avgSum =

   10.6267


avgSum =

   10.6133


avgSum =

   10.6000


avgSum =

   10.5867


avgSum =

   10.5733


avgSum =

   10.5600


avgSum =

   10.5467


avgSum =

   10.5333


avgSum =

   10.5200


avgSum =

   10.5067


avgSum =

   10.4933


avgSum =

   10.4800


avgSum =

   10.4667


avgSum =

   10.4533


avgSum =

   10.4400


avgSum =

   10.4267


avgSum =

   10.4133


avgSum =

   10.4000


avgSum =

   10.3867


avgSum =

   10.3733


avgSum =

   10.3600


avgSum =

   10.3467


avgSum =

   10.3333


avgSum =

   10.3200


avgSum =

   10.3067


avgSum =

   10.2933


avgSum =

   10.2800


avgSum =

   10.2667


avgSum =

   10.2533


avgSum =

   10.2400


avgSum =

   10.2267


avgSum =

   10.2133


avgSum =

   10.2000


avgSum =

   10.1867


avgSum =

   10.1733


avgSum =

   10.1600


avgSum =

   10.1467


avgSum =

   10.1333


avgSum =

   10.1200


avgSum =

   10.1067


avgSum =

   10.0933


avgSum =

   10.0800


avgSum =

   10.0667


avgSum =

   10.0533


avgSum =

   10.0400


avgSum =

   10.0267


avgSum =

   10.0133


avgSum =

    10


avgSum =

    9.9867


avgSum =

    9.9733


avgSum =

    9.9600


avgSum =

    9.9467


avgSum =

    9.9333


avgSum =

    9.9200


avgSum =

    9.9067


avgSum =

    9.8933


avgSum =

    9.8800


avgSum =

    9.8667


avgSum =

    9.8533


avgSum =

    9.8400


avgSum =

    9.8267


avgSum =

    9.8133


avgSum =

    9.8000


avgSum =

    9.7867


avgSum =

    9.7733


avgSum =

    9.7600


avgSum =

    9.7467


avgSum =

    9.7333


avgSum =

    9.7200


avgSum =

    9.7067


avgSum =

    9.6933


avgSum =

    9.6800


avgSum =

    9.6667


avgSum =

    9.6533


avgSum =

    9.6400


avgSum =

    9.6267


avgSum =

    9.6133


avgSum =

    9.6000


avgSum =

    9.5867


avgSum =

    9.5733


avgSum =

    9.5600


avgSum =

    9.5467


avgSum =

    9.5333


avgSum =

    9.5200


avgSum =

    9.5067


avgSum =

    9.4933


avgSum =

    9.4800


avgSum =

    9.4667


avgSum =

    9.4533


avgSum =

    9.4400


avgSum =

    9.4267


avgSum =

    9.4133


avgSum =

    9.4000


avgSum =

    9.3867


avgSum =

    9.3733


avgSum =

    9.3600


avgSum =

    9.3467


avgSum =

    9.3333


avgSum =

    9.3200


avgSum =

    9.3067


avgSum =

    9.2933


avgSum =

    9.2800


avgSum =

    9.2667


avgSum =

    9.2533


avgSum =

    9.2400


avgSum =

    9.2267


avgSum =

    9.2133


avgSum =

    9.2000


avgSum =

    9.1867


avgSum =

    9.1733


avgSum =

    9.1600


avgSum =

    9.1467


avgSum =

    9.1333


avgSum =

    9.1200


avgSum =

    9.1067


avgSum =

    9.0933


avgSum =

    9.0800


avgSum =

    9.0667


avgSum =

    9.0533


avgSum =

    9.0400


avgSum =

    9.0267


avgSum =

    9.0167


avgSum =

    9.0033


avgSum =

    8.9900


avgSum =

    8.9767


avgSum =

    8.9633


avgSum =

    8.9533


avgSum =

    8.9400


avgSum =

    8.9300


avgSum =

    8.9167


avgSum =

    8.9033


avgSum =

    8.8933


avgSum =

    8.8800


avgSum =

    8.8667


avgSum =

    8.8567


avgSum =

    8.8433


avgSum =

    8.8300


avgSum =

    8.8167


avgSum =

    8.8033


avgSum =

    8.7900


avgSum =

    8.7767


avgSum =

    8.7633


avgSum =

    8.7500


avgSum =

    8.7367


avgSum =

    8.7233


avgSum =

    8.7100


avgSum =

    8.6967


avgSum =

    8.6833


avgSum =

    8.6700


avgSum =

    8.6567


avgSum =

    8.6433


avgSum =

    8.6300


avgSum =

    8.6167


avgSum =

    8.6033


avgSum =

    8.5900


avgSum =

    8.5767


avgSum =

    8.5633


avgSum =

    8.5500


avgSum =

    8.5367


avgSum =

    8.5233


avgSum =

    8.5100


avgSum =

    8.4967


avgSum =

    8.4833


avgSum =

    8.4700


avgSum =

    8.4567


avgSum =

    8.4433


avgSum =

    8.4300


avgSum =

    8.4167


avgSum =

    8.4033


avgSum =

    8.3900


avgSum =

    8.3767


avgSum =

    8.3633


avgSum =

    8.3500


avgSum =

    8.3367


avgSum =

    8.3233


avgSum =

    8.3100


avgSum =

    8.2967


avgSum =

    8.2833


avgSum =

    8.2700


avgSum =

    8.2567


avgSum =

    8.2433


avgSum =

    8.2300


avgSum =

    8.2167


avgSum =

    8.2033


avgSum =

    8.1900


avgSum =

    8.1767


avgSum =

    8.1633


avgSum =

    8.1500


avgSum =

    8.1367


avgSum =

    8.1233


avgSum =

    8.1100


avgSum =

    8.0967


avgSum =

    8.0833


avgSum =

    8.0700


avgSum =

    8.0567


avgSum =

    8.0433


avgSum =

    8.0300


avgSum =

    8.0167


avgSum =

    8.0033


avgSum =

    7.9800


avgSum =

    7.9567


avgSum =

    7.9333


avgSum =

    7.9067


avgSum =

    7.8833


avgSum =

    7.8600


avgSum =

    7.8367


avgSum =

    7.8133


avgSum =

    7.7900


avgSum =

    7.7667


avgSum =

    7.7433


avgSum =

    7.7200


avgSum =

    7.6933


avgSum =

    7.6700


avgSum =

    7.6433


avgSum =

    7.6200


avgSum =

    7.5967


avgSum =

    7.5700


avgSum =

    7.5467


avgSum =

    7.5233


avgSum =

    7.5000


avgSum =

    7.4767


avgSum =

    7.4533


avgSum =

    7.4300


avgSum =

    7.4067


avgSum =

    7.3833


avgSum =

    7.3600


avgSum =

    7.3367


avgSum =

    7.3133


avgSum =

    7.2900


avgSum =

    7.2633


